[0, 10, -5, -2, 0]                      => 10
[-8, 10, 20, -5, -7, -4]                => 30


[0, 10, -5, -2, 0]
[-8, 10, 20, -5, -7, -4]
[1,1,1]
[-1,1,-1,-1]
[3,1,4,2,5]
[3,4,1,2,4]
[1,1,1,3,5]

-1,1,0,0,0,-1,1,1,1,0,-1
1,1,1,1,1,1,-1,-1,-1,-1
-1,-1,-1,-1,1,1,1,1,1,1
-1,1,-1,1,-1,1


expected 57718

Array
(
    [0] => -8953
    [1] => -8257
    [2] => -1855
    [3] => -7846
    [4] => 8024
    [5] => -9237
    [6] => 724
    [7] => -3356
    [8] => 7042
    [9] => -6807
    [10] => -3256
    [11] => -3324
    [12] => -5097
    [13] => -9967
    [14] => -1275
    [15] => -8248
    [16] => 1952
    [17] => -8603
    [18] => -3691
    [19] => -1034
    [20] => 8108
    [21] => -8145
    [22] => -7157
    [23] => 5802
    [24] => -9576
    [25] => 8223
    [26] => 1468
    [27] => -4694
    [28] => 6757
    [29] => 5376
    [30] => -3131
    [31] => 6030
    [32] => -5863
    [33] => 2178
    [34] => 542
    [35] => 6187
    [36] => -3695
    [37] => -2035
    [38] => 5386
    [39] => 255
    [40] => 3697
    [41] => 2767
    [42] => 3333
    [43] => 7802
    [44] => -277
    [45] => 3370
    [46] => -2510
    [47] => -9364
    [48] => 5084
    [49] => -6371
    [50] => 6404
    [51] => 8273
    [52] => 3162
    [53] => -6598
    [54] => -3262
    [55] => -2176
    [56] => -8535
    [57] => -865
    [58] => 1463
    [59] => -3278
    [60] => -6219
    [61] => -8237
    [62] => 2566
    [63] => -9744
    [64] => -2962
    [65] => -5418
    [66] => 640
    [67] => 4473
    [68] => 8183
    [69] => 2776
)
